color: #B3E5FC
colorBasedStrength: 0.8790183529411765
finalStrength: 0.8790183529411765